,GEOID,Married Present,Married Absent,Never Married,Divorced,Widowed
0,15000US060014001001,0.6056285178236398,0.028142589118198873,0.22664165103189493,0.07917448405253283,0.060412757973733584
1,15000US060014002001,0.5462555066079295,0.028634361233480177,0.2720264317180617,0.11233480176211454,0.040748898678414094
2,15000US060014002002,0.4069611780455154,0.0535475234270415,0.3949129852744311,0.09772423025435073,0.04685408299866131
3,15000US060014003001,0.5034347399411188,0.12266928361138371,0.30520117762512267,0.047105004906771344,0.021589793915603533
4,15000US060014003002,0.26023890784982934,0.017064846416382253,0.5554607508532423,0.06399317406143344,0.10324232081911262
5,15000US060014003003,0.24577226606538896,0.15107102593010147,0.37204058624577224,0.11724915445321307,0.11386696730552424
6,15000US060014003004,0.38807126258714175,0.07436096049573973,0.3284275755228505,0.10921766072811774,0.09992254066615028
7,15000US060014004001,0.44182262001627337,0.006509357200976403,0.47843775427176566,0.044751830756712775,0.028478437754271765
8,15000US060014004002,0.3634669151910531,0.0391425908667288,0.4575955265610438,0.097856477166822,0.04193849021435228
9,15000US060014004003,0.27086614173228346,0.1,0.4622047244094488,0.1346456692913386,0.03228346456692913
10,15000US060014005001,0.30710773357174787,0.0,0.5194456861868574,0.12337952615109522,0.05006705409029951
11,15000US060014005002,0.2982456140350877,0.04736842105263158,0.5964912280701754,0.017543859649122806,0.04035087719298246
12,15000US060014005003,0.24248927038626608,0.045064377682403435,0.575107296137339,0.13733905579399142,0.0
13,15000US060014006001,0.26819541375872386,0.09172482552342971,0.5533399800598205,0.05982053838484546,0.026919242273180457
14,15000US060014006002,0.3916849015317287,0.03938730853391685,0.3435448577680525,0.15536105032822758,0.0700218818380744
15,15000US060014007001,0.23447537473233404,0.011777301927194861,0.5867237687366167,0.08779443254817987,0.07922912205567452
16,15000US060014007002,0.3028919330289193,0.04033485540334855,0.5418569254185692,0.06316590563165905,0.0517503805175038
17,15000US060014007003,0.10198300283286119,0.0679886685552408,0.6189801699716714,0.16997167138810199,0.04107648725212465
18,15000US060014007004,0.2372549019607843,0.12254901960784313,0.47058823529411764,0.09705882352941177,0.07254901960784314
19,15000US060014008001,0.2923186344238976,0.07041251778093884,0.4615931721194879,0.1116642958748222,0.06401137980085349
20,15000US060014008002,0.22315202231520223,0.05718270571827057,0.5076708507670851,0.16875871687587168,0.043235704323570434
21,15000US060014008003,0.31462925851703405,0.09819639278557114,0.4438877755511022,0.13226452905811623,0.011022044088176353
22,15000US060014009001,0.33490122295390407,0.06302916274694262,0.47412982126058323,0.11006585136406397,0.017873941674506115
23,15000US060014009002,0.4007050528789659,0.03055229142185664,0.4383078730904818,0.07873090481786134,0.05170387779083431
24,15000US060014010001,0.40468909276248727,0.0,0.3577981651376147,0.1488277268093782,0.08868501529051988
25,15000US060014010002,0.2614879649890591,0.07221006564551423,0.40919037199124725,0.14332603938730853,0.1137855579868709
26,15000US060014010003,0.3013595166163142,0.12462235649546828,0.5143504531722054,0.022658610271903322,0.03700906344410876
27,15000US060014010004,0.22591943957968477,0.03677758318739054,0.6182136602451839,0.10332749562171628,0.01576182136602452
28,15000US060014010005,0.012315270935960592,0.0874384236453202,0.6834975369458128,0.1330049261083744,0.08374384236453201
29,15000US060014010006,0.13198573127229488,0.0,0.7324613555291319,0.09274673008323424,0.04280618311533888
30,15000US060014011001,0.5228310502283106,0.0,0.4223744292237443,0.0547945205479452,0.0
31,15000US060014011002,0.28110599078341014,0.030721966205837174,0.4861751152073733,0.1781874039938556,0.023809523809523808
32,15000US060014011003,0.19852941176470587,0.058823529411764705,0.5891544117647058,0.15349264705882354,0.0
33,15000US060014011004,0.22967863894139887,0.001890359168241966,0.5954631379962193,0.16729678638941398,0.005671077504725898
34,15000US060014012001,0.3250743310208127,0.018830525272547076,0.5193260654112983,0.12388503468780972,0.01288404360753221
35,15000US060014012002,0.36386449184441655,0.04140526976160602,0.49435382685069007,0.08155583437892096,0.018820577164366373
36,15000US060014012003,0.27167630057803466,0.04431599229287091,0.581888246628131,0.08670520231213873,0.015414258188824663
37,15000US060014013001,0.1622364802933089,0.06599450045829514,0.5591200733272227,0.12190650779101742,0.09074243813015583
38,15000US060014013002,0.049079754601226995,0.12699386503067484,0.592638036809816,0.17668711656441718,0.05460122699386503
39,15000US060014013003,0.3859332732191163,0.0369702434625789,0.46798917944093776,0.060414788097385035,0.04869251577998197
40,15000US060014014001,0.29860228716645487,0.08513341804320203,0.5158831003811944,0.10038119440914867,0.0
41,15000US060014014002,0.25650332728372655,0.07985480943738657,0.4724742891712039,0.10768300060496068,0.08348457350272233
42,15000US060014014003,0.052072263549415514,0.1339001062699256,0.6854410201912858,0.07863974495217853,0.04994686503719448
43,15000US060014015001,0.12294288480154889,0.11423039690222653,0.5256534365924492,0.1335914811229429,0.10358180058083252
44,15000US060014015002,0.18439716312056736,0.0524822695035461,0.624113475177305,0.08794326241134752,0.05106382978723404
45,15000US060014015003,0.07598784194528875,0.041033434650455926,0.7021276595744681,0.12917933130699089,0.05167173252279635
46,15000US060014016001,0.16629464285714285,0.06696428571428571,0.6183035714285714,0.12276785714285714,0.025669642857142856
47,15000US060014016002,0.28327228327228327,0.06715506715506715,0.5787545787545788,0.07081807081807082,0.0
48,15000US060014017001,0.37858220211161386,0.06033182503770739,0.5279034690799397,0.033182503770739065,0.0
49,15000US060014017002,0.24528301886792453,0.16778975741239893,0.4528301886792453,0.10377358490566038,0.03032345013477089
50,15000US060014017003,0.0,0.2647058823529412,0.7352941176470589,0.0,0.0
51,15000US060014018001,0.19131614654002713,0.08955223880597014,0.6132971506105834,0.029850746268656716,0.07598371777476255
52,15000US060014018002,0.059639389736477116,0.13730929264909847,0.624133148404993,0.08737864077669903,0.09153952843273232
53,15000US060014022001,0.24779874213836478,0.11069182389937107,0.4125786163522013,0.15471698113207547,0.07421383647798742
54,15000US060014022002,0.19456366237482117,0.04005722460658083,0.6695278969957081,0.04005722460658083,0.055793991416309016
55,15000US060014022003,0.3273809523809524,0.09325396825396826,0.503968253968254,0.061507936507936505,0.013888888888888888
56,15000US060014024001,0.2051792828685259,0.045816733067729085,0.6155378486055777,0.11752988047808766,0.01593625498007968
57,15000US060014024002,0.19735391400220506,0.07166482910694598,0.4807056229327453,0.11356119073869901,0.13671444321940462
58,15000US060014025001,0.2606741573033708,0.048314606741573035,0.5146067415730337,0.09662921348314607,0.07977528089887641
59,15000US060014025002,0.14435695538057744,0.06824146981627296,0.6509186351706037,0.11023622047244094,0.026246719160104987
60,15000US060014026001,0.37565674255691767,0.05516637478108581,0.43345008756567427,0.050788091068301226,0.08493870402802102
61,15000US060014027001,0.16204379562043797,0.03795620437956204,0.7226277372262774,0.06861313868613139,0.008759124087591242
62,15000US060014027002,0.25084745762711863,0.061016949152542375,0.5728813559322034,0.09491525423728814,0.020338983050847456
63,15000US060014028001,0.14385474860335196,0.10195530726256984,0.5034916201117319,0.210195530726257,0.040502793296089384
64,15000US060014028002,0.19230769230769232,0.057460611677479144,0.5885078776645042,0.07877664504170528,0.08294717330861909
65,15000US060014029001,0.1262135922330097,0.08961911874533234,0.5660941000746826,0.09858103061986558,0.11949215832710978
66,15000US060014030001,0.4724264705882353,0.027573529411764705,0.24019607843137256,0.08823529411764706,0.1715686274509804
67,15000US060014030002,0.43567482241515393,0.16732438831886345,0.22099447513812154,0.05288082083662194,0.12312549329123915
68,15000US060014031001,0.35834896810506567,0.09881175734834272,0.42401500938086306,0.07191994996873045,0.04690431519699812
69,15000US060014033001,0.29730983302411873,0.07467532467532467,0.5194805194805194,0.07699443413729128,0.03153988868274583
70,15000US060014033002,0.5019230769230769,0.15833333333333333,0.19487179487179487,0.03461538461538462,0.11025641025641025
71,15000US060014034001,0.3360655737704918,0.0117096018735363,0.3665105386416862,0.13114754098360656,0.15456674473067916
72,15000US060014034002,0.3306379155435759,0.03773584905660377,0.5148247978436657,0.11680143755615453,0.0
73,15000US060014034003,0.19047619047619047,0.0429732868757259,0.6062717770034843,0.0627177700348432,0.0975609756097561
74,15000US060014034004,0.1975609756097561,0.1016260162601626,0.5634146341463414,0.12276422764227642,0.014634146341463415
75,15000US060014035011,0.34270952927669346,0.04936854190585534,0.36739380022962115,0.09988518943742825,0.14064293915040182
76,15000US060014035012,0.20365088419851682,0.07586993725042784,0.5887050770108385,0.07472903593839134,0.05704506560182544
77,15000US060014035013,0.3181818181818182,0.08851674641148326,0.42105263157894735,0.1722488038277512,0.0
78,15000US060014035021,0.31390728476821195,0.04370860927152318,0.5761589403973509,0.06622516556291391,0.0
79,15000US060014035022,0.2839607201309329,0.07774140752864157,0.49263502454991814,0.12193126022913257,0.023731587561374796
80,15000US060014036001,0.2727272727272727,0.09199134199134198,0.4653679653679654,0.12229437229437229,0.047619047619047616
81,15000US060014036002,0.29000546149645,0.03986892408519935,0.5079191698525396,0.13599126160567995,0.026215182960131075
82,15000US060014036003,0.29817444219066935,0.02231237322515213,0.5179175118323192,0.1548343475321163,0.0067613252197430695
83,15000US060014037011,0.25166666666666665,0.05583333333333333,0.4483333333333333,0.10666666666666667,0.1375
84,15000US060014037012,0.24720774385703648,0.02531645569620253,0.5919583023082651,0.12956068503350707,0.005956813104988831
85,15000US060014037021,0.32075471698113206,0.0,0.614065180102916,0.06518010291595197,0.0
86,15000US060014037022,0.43237082066869303,0.015197568389057751,0.41413373860182373,0.11246200607902736,0.025835866261398176
87,15000US060014038001,0.6086956521739131,0.057208237986270026,0.16933638443935928,0.06636155606407322,0.09839816933638444
88,15000US060014038002,0.3442857142857143,0.07,0.44,0.05142857142857143,0.09428571428571429
89,15000US060014038003,0.24386724386724387,0.02886002886002886,0.6378066378066378,0.07792207792207792,0.011544011544011544
90,15000US060014038004,0.2749576988155668,0.018612521150592216,0.6015228426395939,0.10490693739424704,0.0
91,15000US060014039001,0.19957983193277312,0.0742296918767507,0.5665266106442577,0.14775910364145659,0.011904761904761904
92,15000US060014039002,0.371900826446281,0.07603305785123966,0.26611570247933886,0.2859504132231405,0.0
93,15000US060014039003,0.21638225255972696,0.09283276450511946,0.3535836177474403,0.24573378839590443,0.09146757679180888
94,15000US060014040001,0.2836801752464403,0.023548740416210297,0.5613362541073385,0.12705366922234393,0.004381161007667032
95,15000US060014040002,0.4101184068891281,0.008611410118406888,0.48116254036598494,0.09472551130247578,0.005382131324004306
96,15000US060014041011,0.3353927625772286,0.0353045013239188,0.3936451897616946,0.12180052956751986,0.11385701676963812
97,15000US060014041012,0.37240184757505773,0.04041570438799076,0.4751732101616628,0.09584295612009237,0.016166281755196306
98,15000US060014041021,0.3089700996677741,0.026578073089700997,0.49750830564784054,0.11710963455149502,0.04983388704318937
99,15000US060014041022,0.391304347826087,0.05272895467160037,0.34135060129509714,0.06753006475485661,0.14708603145235893
100,15000US060014042001,0.5404663923182441,0.038408779149519894,0.29218106995884774,0.0823045267489712,0.04663923182441701
101,15000US060014042002,0.7117903930131004,0.017467248908296942,0.188646288209607,0.01834061135371179,0.06375545851528384
102,15000US060014042003,0.4117647058823529,0.031904287138584245,0.39082751744765704,0.09371884346959122,0.07178464606181456
103,15000US060014043001,0.6528735632183909,0.06896551724137931,0.19080459770114944,0.059770114942528735,0.027586206896551724
104,15000US060014043002,0.5729794933655006,0.0,0.2882991556091677,0.09288299155609167,0.045838359469240045
105,15000US060014043003,0.6196377502383222,0.029551954242135366,0.26024785510009535,0.04861773117254528,0.04194470924690181
106,15000US060014044001,0.46098929117797044,0.022947475777664456,0.4579296277409485,0.03467618561958185,0.023457419683834777
107,15000US060014044002,0.4320066334991708,0.0538971807628524,0.2620232172470978,0.15671641791044777,0.09535655058043117
108,15000US060014044003,0.6641394996209249,0.015163002274450341,0.18043972706595907,0.11827141774071266,0.021986353297952996
109,15000US060014045011,0.6680080482897385,0.012743125419181758,0.22937625754527163,0.04493628437290409,0.04493628437290409
110,15000US060014045021,0.6466942148760331,0.03305785123966942,0.12603305785123967,0.19008264462809918,0.004132231404958678
111,15000US060014045022,0.6356107660455487,0.012422360248447204,0.11801242236024845,0.15734989648033126,0.07660455486542443
112,15000US060014045023,0.7179135209334249,0.008236101578586136,0.16266300617707619,0.07412491420727522,0.03706245710363761
113,15000US060014045024,0.5971223021582733,0.07717462393721386,0.15369522563767168,0.10202746893394375,0.06998037933289732
114,15000US060014046001,0.7348242811501597,0.03301384451544196,0.12566560170394037,0.08626198083067092,0.02023429179978701
115,15000US060014046002,0.6595365418894831,0.049910873440285206,0.1443850267379679,0.14616755793226383,0.0
116,15000US060014046003,0.5110294117647058,0.046875,0.24356617647058823,0.15257352941176472,0.04595588235294118
117,15000US060014046004,0.7168674698795181,0.013769363166953529,0.15748709122203097,0.08691910499139414,0.02495697074010327
118,15000US060014047001,0.5776081424936387,0.03307888040712468,0.23918575063613232,0.1005089058524173,0.04961832061068702
119,15000US060014047002,0.66738894907909,0.007583965330444204,0.18309859154929578,0.06608884073672806,0.07583965330444203
120,15000US060014048001,0.42436305732484075,0.021496815286624203,0.4156050955414013,0.12340764331210191,0.015127388535031847
121,15000US060014048002,0.4262626262626263,0.048484848484848485,0.2696969696969697,0.1898989898989899,0.06565656565656566
122,15000US060014049001,0.537525354969574,0.07099391480730223,0.20892494929006086,0.13184584178498987,0.05070993914807302
123,15000US060014049002,0.4236540158870256,0.02294792586054722,0.3389232127096205,0.16681376875551632,0.04766107678729038
124,15000US060014049003,0.35079365079365077,0.047619047619047616,0.3761904761904762,0.14761904761904762,0.07777777777777778
125,15000US060014049004,0.6439169139465876,0.024727992087042534,0.2205736894164194,0.08803165182987141,0.02274975272007913
126,15000US060014050001,0.5572916666666666,0.027777777777777776,0.2881944444444444,0.05555555555555555,0.07118055555555555
127,15000US060014050002,0.5764576457645765,0.0,0.2552255225522552,0.0847084708470847,0.08360836083608361
128,15000US060014050003,0.46810146041506534,0.05226748654880861,0.3389700230591852,0.10453497309761722,0.0361260568793236
129,15000US060014051001,0.6551724137931034,0.027298850574712645,0.20833333333333334,0.08045977011494253,0.028735632183908046
130,15000US060014051002,0.7038269550748752,0.0,0.19633943427620631,0.009983361064891847,0.08985024958402663
131,15000US060014051003,0.7676240208877284,0.0,0.17362924281984335,0.03655352480417755,0.022193211488250653
132,15000US060014051004,0.6569506726457399,0.03811659192825112,0.24439461883408073,0.06053811659192825,0.0
133,15000US060014051005,0.6219239373601789,0.020134228187919462,0.2539149888143177,0.08165548098434004,0.02237136465324385
134,15000US060014052001,0.4496587030716723,0.02901023890784983,0.3890784982935154,0.09044368600682594,0.041808873720136516
135,15000US060014052002,0.5133495145631068,0.04004854368932039,0.39441747572815533,0.038834951456310676,0.013349514563106795
136,15000US060014052003,0.40221088435374147,0.01445578231292517,0.44047619047619047,0.12159863945578231,0.021258503401360544
137,15000US060014052004,0.2906474820143885,0.04388489208633094,0.48201438848920863,0.14172661870503597,0.041726618705035974
138,15000US060014053011,0.37354497354497357,0.020634920634920634,0.4603174603174603,0.08306878306878307,0.06243386243386243
139,15000US060014053012,0.2982689747003995,0.03994673768308921,0.4620505992010652,0.15446071904127828,0.045272969374167776
140,15000US060014053021,0.23500810372771475,0.06888168557536467,0.4205834683954619,0.13695299837925445,0.1385737439222042
141,15000US060014053022,0.3790909090909091,0.01090909090909091,0.42818181818181816,0.12636363636363637,0.05545454545454546
142,15000US060014054011,0.24053030303030304,0.036616161616161616,0.5429292929292929,0.14393939393939395,0.03598484848484849
143,15000US060014054012,0.25690021231422505,0.10509554140127389,0.45010615711252655,0.07643312101910828,0.11146496815286625
144,15000US060014054013,0.44729064039408867,0.10246305418719212,0.30049261083743845,0.12216748768472907,0.027586206896551724
145,15000US060014054021,0.3762993762993763,0.10602910602910603,0.38115038115038113,0.06444906444906445,0.07207207207207207
146,15000US060014054022,0.2489451476793249,0.1080168776371308,0.4919831223628692,0.07763713080168777,0.07341772151898734
147,15000US060014055001,0.19069239500567536,0.08740068104426787,0.4801362088535755,0.14188422247446084,0.09988649262202043
148,15000US060014055002,0.3149931224209078,0.03576341127922971,0.5405777166437414,0.0453920220082531,0.06327372764786796
149,15000US060014055003,0.38918345705196183,0.027571580063626724,0.4814422057264051,0.05938494167550371,0.042417815482502653
150,15000US060014055004,0.3475991649269311,0.020876826722338204,0.4154488517745303,0.1440501043841336,0.0720250521920668
151,15000US060014056001,0.1864406779661017,0.06053268765133172,0.652542372881356,0.031476997578692496,0.06900726392251816
152,15000US060014056002,0.360310421286031,0.04434589800443459,0.41685144124168516,0.12195121951219512,0.0565410199556541
153,15000US060014056003,0.16809421841541755,0.014989293361884369,0.5770877944325482,0.20770877944325483,0.032119914346895075
154,15000US060014057001,0.22768974145120935,0.01834862385321101,0.6163469557964971,0.12427022518765637,0.013344453711426188
155,15000US060014057002,0.23084677419354838,0.09778225806451613,0.5987903225806451,0.05141129032258065,0.021169354838709676
156,15000US060014057003,0.25272331154684097,0.12962962962962962,0.4553376906318083,0.1579520697167756,0.004357298474945534
157,15000US060014058001,0.21179883945841393,0.12282398452611218,0.5377176015473888,0.06479690522243714,0.06286266924564797
158,15000US060014058002,0.31599607458292445,0.15701668302257116,0.43473994111874387,0.07556427870461237,0.016683022571148183
159,15000US060014058003,0.4217142857142857,0.038857142857142854,0.432,0.056,0.05142857142857143
160,15000US060014058004,0.3946360153256705,0.06513409961685823,0.43486590038314177,0.06321839080459771,0.0421455938697318
161,15000US060014059011,0.45398138572905894,0.12202688728024819,0.3650465356773526,0.0,0.05894519131334023
162,15000US060014059012,0.27537168713639304,0.10407239819004525,0.4951519069166128,0.06787330316742081,0.057530704589528116
163,15000US060014059013,0.3833145434047351,0.06200676437429538,0.5253664036076663,0.029312288613303268,0.0
164,15000US060014059021,0.3947157726180945,0.15612489991993594,0.400320256204964,0.014411529223378704,0.0344275420336269
165,15000US060014059022,0.33406593406593404,0.13846153846153847,0.40366300366300367,0.04908424908424908,0.07472527472527472
166,15000US060014060001,0.19518716577540107,0.06818181818181818,0.6109625668449198,0.09491978609625669,0.03074866310160428
167,15000US060014060002,0.23692307692307693,0.06153846153846154,0.4307692307692308,0.07692307692307693,0.19384615384615383
168,15000US060014060003,0.3994910941475827,0.012213740458015267,0.4020356234096692,0.09516539440203563,0.0910941475826972
169,15000US060014061001,0.0868421052631579,0.19298245614035087,0.5657894736842105,0.1,0.054385964912280704
170,15000US060014061002,0.14538310412573674,0.14538310412573674,0.5343811394891945,0.13359528487229863,0.0412573673870334
171,15000US060014061003,0.2881976212259835,0.03751143641354071,0.605672461116194,0.059469350411710885,0.009149130832570906
172,15000US060014061004,0.3326848249027237,0.04571984435797665,0.46400778210116733,0.1517509727626459,0.005836575875486381
173,15000US060014062011,0.44743589743589746,0.06666666666666667,0.3230769230769231,0.07307692307692308,0.08974358974358974
174,15000US060014062012,0.1411764705882353,0.15,0.5808823529411765,0.060294117647058824,0.06764705882352941
175,15000US060014062013,0.25066904549509367,0.19090098126672614,0.45405887600356826,0.07225691347011597,0.032114183764495985
176,15000US060014062014,0.3363994743758213,0.040735873850197106,0.5256241787122208,0.08935611038107753,0.00788436268068331
177,15000US060014062021,0.361997226074896,0.020804438280166437,0.5201109570041609,0.020804438280166437,0.07628294036061026
178,15000US060014062022,0.18679549114331723,0.15942028985507245,0.4919484702093398,0.1143317230273752,0.04750402576489533
179,15000US060014062023,0.2161520190023753,0.12885985748218529,0.5771971496437055,0.05463182897862233,0.02315914489311164
180,15000US060014063001,0.2766884531590414,0.0664488017429194,0.4891067538126362,0.09912854030501089,0.06862745098039216
181,15000US060014063002,0.45,0.11976744186046512,0.32558139534883723,0.08139534883720931,0.023255813953488372
182,15000US060014063003,0.19047619047619047,0.09404761904761905,0.5547619047619048,0.16071428571428573,0.0
183,15000US060014063004,0.3987341772151899,0.06487341772151899,0.44462025316455694,0.06487341772151899,0.02689873417721519
184,15000US060014064001,0.40308747855917665,0.07204116638078903,0.34476843910806176,0.09777015437392796,0.0823327615780446
185,15000US060014064002,0.27258566978193144,0.11370716510903427,0.3395638629283489,0.11838006230529595,0.1557632398753894
186,15000US060014065001,0.3168697883258499,0.07761385503527903,0.4490057729313663,0.12508017960230916,0.03143040410519564
187,15000US060014065002,0.33575129533678755,0.06321243523316063,0.44766839378238343,0.10362694300518134,0.049740932642487044
188,15000US060014065003,0.319672131147541,0.20784543325526933,0.36007025761124123,0.06381733021077284,0.04859484777517564
189,15000US060014065004,0.35094001790510293,0.08325872873769025,0.4700089525514772,0.08683974932855863,0.008952551477170993
190,15000US060014066011,0.2967914438502674,0.04946524064171123,0.5574866310160428,0.05748663101604278,0.03877005347593583
191,15000US060014066012,0.2933130699088146,0.07750759878419453,0.418693009118541,0.15881458966565348,0.05167173252279635
192,15000US060014066013,0.44083840432724813,0.027721433400946585,0.35361730899256255,0.06423258958755916,0.11359026369168357
193,15000US060014066014,0.24512534818941503,0.14484679665738162,0.3565459610027855,0.25348189415041783,0.0
194,15000US060014066021,0.35287846481876334,0.0511727078891258,0.39232409381663114,0.13326226012793177,0.07036247334754797
195,15000US060014066022,0.25848142164781907,0.08077544426494346,0.47576736672051695,0.14620355411954766,0.03877221324717286
196,15000US060014067001,0.6696428571428571,0.05357142857142857,0.18638392857142858,0.04017857142857143,0.05022321428571429
197,15000US060014067002,0.3724137931034483,0.034482758620689655,0.35172413793103446,0.17011494252873563,0.07126436781609195
198,15000US060014067003,0.3277027027027027,0.08614864864864864,0.42792792792792794,0.09797297297297297,0.06024774774774775
199,15000US060014067004,0.3643533123028391,0.04416403785488959,0.42586750788643535,0.12302839116719243,0.04258675078864353
200,15000US060014067005,0.4236111111111111,0.034722222222222224,0.4513888888888889,0.05787037037037037,0.032407407407407406
201,15000US060014068001,0.5086505190311419,0.015570934256055362,0.2508650519031142,0.17993079584775087,0.04498269896193772
202,15000US060014068002,0.3911764705882353,0.011764705882352941,0.4647058823529412,0.1,0.03235294117647059
203,15000US060014068003,0.4894932014833127,0.02595797280593325,0.26328800988875156,0.19406674907292953,0.027194066749072928
204,15000US060014068004,0.3734793187347932,0.0,0.5413625304136253,0.027980535279805353,0.057177615571776155
205,15000US060014069001,0.7107843137254902,0.0,0.09803921568627451,0.14950980392156862,0.041666666666666664
206,15000US060014069002,0.4707818930041152,0.050205761316872426,0.3893004115226337,0.07078189300411522,0.018930041152263374
207,15000US060014069003,0.25953259532595324,0.02952029520295203,0.5079950799507995,0.18880688806888068,0.014145141451414513
208,15000US060014070001,0.1778697001034126,0.03205791106514995,0.5698035160289555,0.18510858324715615,0.03516028955532575
209,15000US060014070002,0.3598425196850394,0.11653543307086614,0.3598425196850394,0.09685039370078741,0.06692913385826772
210,15000US060014070003,0.4881656804733728,0.023668639053254437,0.27366863905325445,0.19230769230769232,0.022189349112426034
211,15000US060014070004,0.2874354561101549,0.0774526678141136,0.47074010327022375,0.08089500860585198,0.08347676419965576
212,15000US060014070005,0.4529569892473118,0.043010752688172046,0.3682795698924731,0.07123655913978495,0.06451612903225806
213,15000US060014071011,0.35024449877750613,0.049511002444987774,0.5042787286063569,0.08068459657701711,0.015281173594132029
214,15000US060014071012,0.29863013698630136,0.06506849315068493,0.4541095890410959,0.09315068493150686,0.08904109589041095
215,15000US060014071021,0.3354519774011299,0.13771186440677965,0.4548022598870056,0.05508474576271186,0.01694915254237288
216,15000US060014071022,0.42105263157894735,0.09868421052631579,0.3131578947368421,0.14605263157894738,0.021052631578947368
217,15000US060014071023,0.4175257731958763,0.05154639175257732,0.41580756013745707,0.0859106529209622,0.029209621993127148
218,15000US060014071024,0.29553264604810997,0.14261168384879724,0.4896907216494845,0.03951890034364261,0.03264604810996564
219,15000US060014072001,0.34852118305355717,0.14068745003996802,0.40927258193445243,0.03996802557953637,0.06155075939248601
220,15000US060014072002,0.319366852886406,0.10335195530726257,0.5409683426443203,0.0223463687150838,0.013966480446927373
221,15000US060014072003,0.2184782608695652,0.04673913043478261,0.5293478260869565,0.06195652173913044,0.14347826086956522
222,15000US060014072004,0.2596685082872928,0.19186338523355098,0.47513812154696133,0.04168759417378202,0.03164239075841286
223,15000US060014073001,0.3803888419273035,0.09467455621301775,0.46830092983939137,0.04395604395604396,0.01267962806424345
224,15000US060014073002,0.22700587084148727,0.11643835616438356,0.5450097847358122,0.08806262230919765,0.023483365949119372
225,15000US060014074001,0.34133679428942243,0.10577547047371837,0.445165476963011,0.08890330953926022,0.01881894873458793
226,15000US060014074002,0.152014652014652,0.15384615384615385,0.5695970695970696,0.12454212454212454,0.0
227,15000US060014074003,0.36222509702457956,0.019404915912031046,0.5653298835705045,0.03363518758085381,0.019404915912031046
228,15000US060014075001,0.2070015220700152,0.0791476407914764,0.4855403348554033,0.1643835616438356,0.0639269406392694
229,15000US060014075002,0.3837270341207349,0.07611548556430446,0.4430446194225722,0.050918635170603674,0.046194225721784776
230,15000US060014075003,0.17190388170055454,0.09057301293900184,0.6229205175600739,0.10166358595194085,0.012939001848428836
231,15000US060014076001,0.3118856121537087,0.04647006255585344,0.3521000893655049,0.23771224307417338,0.05183199285075961
232,15000US060014076002,0.39053905390539057,0.0,0.46864686468646866,0.12981298129812982,0.011001100110011002
233,15000US060014076003,0.38762214983713356,0.019543973941368076,0.4169381107491857,0.09609120521172639,0.07980456026058631
234,15000US060014076004,0.46938775510204084,0.08229098090849243,0.3146807109940751,0.11586570111915734,0.017774851876234364
235,15000US060014076005,0.4426002766251729,0.13831258644536654,0.35131396957123096,0.03319502074688797,0.034578146611341634
236,15000US060014077001,0.36400651465798045,0.06351791530944625,0.32084690553745926,0.16775244299674266,0.08387622149837133
237,15000US060014077002,0.45649717514124294,0.011299435028248588,0.38305084745762713,0.1152542372881356,0.03389830508474576
238,15000US060014077003,0.508955223880597,0.020895522388059702,0.2865671641791045,0.12686567164179105,0.056716417910447764
239,15000US060014077004,0.4858757062146893,0.0635593220338983,0.346045197740113,0.08050847457627118,0.02401129943502825
240,15000US060014078001,0.0,0.010845986984815618,0.9457700650759219,0.04338394793926247,0.0
241,15000US060014078002,0.3813186813186813,0.03296703296703297,0.3659340659340659,0.17362637362637362,0.046153846153846156
242,15000US060014078003,0.33086053412462907,0.032640949554896145,0.4970326409495549,0.1394658753709199,0.0
243,15000US060014079001,0.4418604651162791,0.0872093023255814,0.22286821705426357,0.13372093023255813,0.11434108527131782
244,15000US060014079002,0.5144124168514412,0.03325942350332594,0.3203991130820399,0.08980044345898004,0.04212860310421286
245,15000US060014079003,0.4800389483933788,0.03602726387536514,0.37098344693281404,0.05842259006815969,0.054527750730282376
246,15000US060014080001,0.4482758620689655,0.046476761619190406,0.3523238380809595,0.12743628185907047,0.025487256371814093
247,15000US060014080002,0.456231884057971,0.01391304347826087,0.40695652173913044,0.08347826086956522,0.03942028985507246
248,15000US060014081001,0.6701846965699209,0.0,0.22515391380826738,0.06508355321020229,0.0395778364116095
249,15000US060014081002,0.4955017301038062,0.032525951557093424,0.3387543252595156,0.10934256055363321,0.02387543252595156
250,15000US060014081003,0.4601167315175097,0.13424124513618677,0.22957198443579765,0.09533073929961089,0.08073929961089495
251,15000US060014081004,0.48095238095238096,0.0,0.3047619047619048,0.16507936507936508,0.049206349206349205
252,15000US060014082001,0.3548644338118022,0.07655502392344497,0.47368421052631576,0.08931419457735247,0.005582137161084529
253,15000US060014082002,0.1657250470809793,0.08223477715003139,0.5524168236032643,0.1393596986817326,0.060263653483992465
254,15000US060014082003,0.27586206896551724,0.05379310344827586,0.3986206896551724,0.23724137931034484,0.034482758620689655
255,15000US060014083001,0.2412280701754386,0.06578947368421052,0.4451754385964912,0.19956140350877194,0.04824561403508772
256,15000US060014083002,0.3779697624190065,0.035637149028077755,0.4427645788336933,0.12311015118790497,0.020518358531317494
257,15000US060014083003,0.38717339667458434,0.04513064133016627,0.3159144893111639,0.16983372921615203,0.08194774346793349
258,15000US060014083004,0.17006324666198172,0.03443429374560787,0.6781447645818693,0.11735769501054111,0.0
259,15000US060014083005,0.14545454545454545,0.0659090909090909,0.5227272727272727,0.2545454545454545,0.011363636363636364
260,15000US060014084001,0.33423180592991913,0.1518418688230009,0.38005390835579517,0.12398921832884097,0.009883198562443846
261,15000US060014084002,0.16826923076923078,0.09935897435897435,0.5544871794871795,0.10737179487179487,0.07051282051282051
262,15000US060014084003,0.24498567335243554,0.07449856733524356,0.49426934097421205,0.11318051575931232,0.07306590257879657
263,15000US060014085001,0.246558197747184,0.11639549436795996,0.43429286608260326,0.12891113892365458,0.07384230287859825
264,15000US060014085002,0.2759407069555302,0.07183580387685291,0.5575826681870011,0.05701254275940707,0.037628278221208664
265,15000US060014085003,0.3333333333333333,0.09391534391534391,0.46825396825396826,0.10449735449735449,0.0
266,15000US060014085004,0.4665523156089194,0.08576329331046312,0.33276157804459694,0.044596912521440824,0.07032590051457976
267,15000US060014085005,0.38935574229691877,0.0700280112044818,0.47432306255835666,0.05788982259570495,0.008403361344537815
268,15000US060014086001,0.10080645161290322,0.07419354838709677,0.5588709677419355,0.19516129032258064,0.07096774193548387
269,15000US060014086002,0.29908103592314117,0.11027568922305764,0.5213032581453634,0.03759398496240601,0.031746031746031744
270,15000US060014086003,0.2722908093278464,0.027434842249657063,0.5644718792866941,0.11316872427983539,0.02263374485596708
271,15000US060014086004,0.2218487394957983,0.07226890756302522,0.6302521008403361,0.05042016806722689,0.025210084033613446
272,15000US060014087001,0.05378973105134474,0.11491442542787286,0.5745721271393643,0.19437652811735942,0.06234718826405868
273,15000US060014087002,0.3952,0.0896,0.3544,0.136,0.0248
274,15000US060014087003,0.27115559599636035,0.09827115559599636,0.4604185623293904,0.13011828935395814,0.040036396724294813
275,15000US060014087004,0.18100358422939067,0.0,0.6684587813620072,0.11827956989247312,0.03225806451612903
276,15000US060014087005,0.3649484536082474,0.1979381443298969,0.3556701030927835,0.0443298969072165,0.03711340206185567
277,15000US060014087006,0.5238095238095238,0.10104529616724739,0.2578397212543554,0.05226480836236934,0.06504065040650407
278,15000US060014088001,0.5220649458784347,0.07826810990840966,0.3164029975020816,0.08326394671107411,0.0
279,15000US060014088002,0.21251629726205998,0.028683181225554105,0.6531942633637549,0.0847457627118644,0.020860495436766623
280,15000US060014088003,0.11729141475211609,0.12212817412333736,0.5489721886336155,0.18984280532043532,0.02176541717049577
281,15000US060014088004,0.27447744774477445,0.0374037403740374,0.5242024202420242,0.13256325632563257,0.03135313531353135
282,15000US060014089001,0.25072604065827686,0.07260406582768635,0.4346563407550823,0.11132623426911907,0.13068731848983542
283,15000US060014089002,0.30062305295950154,0.08099688473520249,0.4961059190031153,0.08021806853582554,0.04205607476635514
284,15000US060014090001,0.30669265756985054,0.09096816114359974,0.47043534762833006,0.07212475633528265,0.05977907732293697
285,15000US060014090002,0.0,0.0,0.0,0.0,0.0
286,15000US060014090003,0.4012158054711246,0.09498480243161095,0.3533434650455927,0.0729483282674772,0.07750759878419453
287,15000US060014090004,0.0,0.0,0.0,0.0,0.0
288,15000US060014091001,0.26343519494204426,0.08429926238145416,0.5616438356164384,0.05374077976817703,0.0368809272918862
289,15000US060014091002,0.33137485311398357,0.06933019976498238,0.4582843713278496,0.07638072855464159,0.06462984723854288
290,15000US060014092001,0.35980746089049337,0.06738868832731648,0.4229843561973526,0.0914560770156438,0.05836341756919374
291,15000US060014092002,0.2954739538855679,0.0631938514090521,0.5815542271562767,0.04013663535439795,0.01964133219470538
292,15000US060014093001,0.13486590038314175,0.10268199233716475,0.514176245210728,0.19386973180076628,0.05440613026819923
293,15000US060014093002,0.33133133133133136,0.0960960960960961,0.43343343343343343,0.04504504504504504,0.0940940940940941
294,15000US060014093003,0.29545454545454547,0.08380681818181818,0.48295454545454547,0.04971590909090909,0.08806818181818182
295,15000US060014093004,0.24297924297924298,0.09645909645909646,0.5958485958485958,0.009768009768009768,0.054945054945054944
296,15000US060014094001,0.43645484949832775,0.0,0.3511705685618729,0.1254180602006689,0.08695652173913043
297,15000US060014094002,0.3241695303550974,0.09106529209621993,0.424971363115693,0.1145475372279496,0.04524627720504009
298,15000US060014094003,0.44190665342601787,0.0804369414101291,0.44190665342601787,0.007944389275074478,0.027805362462760674
299,15000US060014095001,0.2843723313407344,0.08454312553373185,0.53800170794193,0.07600341588385995,0.017079419299743808
300,15000US060014095002,0.25654450261780104,0.06492146596858639,0.4743455497382199,0.14031413612565444,0.06387434554973823
301,15000US060014095003,0.23854289071680376,0.07755581668625147,0.6345475910693302,0.022326674500587545,0.02702702702702703
302,15000US060014096001,0.24821246169560776,0.08682328907048008,0.4473953013278856,0.10827374872318693,0.10929519918283963
303,15000US060014096002,0.4111969111969112,0.05019305019305019,0.3474903474903475,0.10231660231660232,0.0888030888030888
304,15000US060014096003,0.31510791366906477,0.04316546762589928,0.5841726618705037,0.05755395683453238,0.0
305,15000US060014096004,0.2661290322580645,0.25,0.3817204301075269,0.07258064516129033,0.02956989247311828
306,15000US060014096005,0.2774674115456238,0.10707635009310987,0.45251396648044695,0.12942271880819367,0.0335195530726257
307,15000US060014097001,0.2297872340425532,0.11205673758865248,0.5375886524822695,0.075177304964539,0.04539007092198582
308,15000US060014097002,0.3558282208588957,0.09952283571915474,0.44717109747784595,0.09134287661895024,0.006134969325153374
309,15000US060014097003,0.2976939203354298,0.09643605870020965,0.46645702306079667,0.10272536687631027,0.03668763102725367
310,15000US060014097004,0.30732292917166865,0.15126050420168066,0.42016806722689076,0.09603841536614646,0.025210084033613446
311,15000US060014098001,0.37163120567375885,0.00851063829787234,0.4723404255319149,0.05673758865248227,0.09078014184397164
312,15000US060014098002,0.2145716573258607,0.1265012009607686,0.46597277822257804,0.12409927942353884,0.0688550840672538
313,15000US060014098003,0.3745928338762215,0.06514657980456026,0.41368078175895767,0.07654723127035831,0.07003257328990228
314,15000US060014099001,0.46474358974358976,0.057692307692307696,0.2932692307692308,0.07051282051282051,0.11378205128205128
315,15000US060014099002,0.40463458110516937,0.0659536541889483,0.32085561497326204,0.15508021390374332,0.053475935828877004
316,15000US060014099003,0.4576744186046512,0.061395348837209304,0.3488372093023256,0.08372093023255814,0.04837209302325581
317,15000US060014099004,0.7025036818851251,0.08689248895434462,0.15169366715758467,0.014727540500736377,0.044182621502209134
318,15000US060014100001,0.461439588688946,0.05141388174807198,0.31233933161953725,0.13624678663239073,0.038560411311053984
319,15000US060014100002,0.42565597667638483,0.02575315840621963,0.36977648202137997,0.1010689990281827,0.07774538386783285
320,15000US060014100003,0.0,0.0,0.0,1.0,0.0
321,15000US060014101001,0.3308199811498586,0.09142318567389256,0.44015080113100846,0.0999057492931197,0.03770028275212064
322,15000US060014101002,0.315929203539823,0.010619469026548672,0.4300884955752212,0.1920353982300885,0.05132743362831858
323,15000US060014102001,0.20032310177705978,0.12277867528271405,0.5751211631663974,0.09935379644588045,0.0024232633279483036
324,15000US060014102002,0.252760736196319,0.046625766871165646,0.4269938650306748,0.20368098159509201,0.06993865030674846
325,15000US060014102003,0.2481089258698941,0.04387291981845688,0.5431164901664145,0.14069591527987896,0.024205748865355523
326,15000US060014103001,0.43312101910828027,0.025477707006369428,0.47770700636942676,0.03397027600849257,0.029723991507430998
327,15000US060014103002,0.3129973474801061,0.1273209549071618,0.4420866489832007,0.08311229000884174,0.034482758620689655
328,15000US060014103003,0.18834080717488788,0.19910313901345292,0.4654708520179372,0.05560538116591928,0.09147982062780269
329,15000US060014104001,0.3399014778325123,0.06699507389162561,0.4266009852216749,0.1310344827586207,0.035467980295566505
330,15000US060014104002,0.3456998313659359,0.16694772344013492,0.3473861720067454,0.09190556492411467,0.048060708263069137
331,15000US060014104003,0.2970365265334252,0.07236388697450034,0.50723638869745,0.08545830461750517,0.03790489317711923
332,15000US060014105001,0.15612063867534004,0.08042578356002365,0.537551744529864,0.15848610289769366,0.06741573033707865
333,15000US060014201001,0.5755395683453237,0.01079136690647482,0.28177458033573144,0.11270983213429256,0.019184652278177457
334,15000US060014201002,0.5343511450381679,0.022900763358778626,0.2824427480916031,0.11068702290076336,0.04961832061068702
